F1

[[ 3.194039e-001  7.629594e-001  1.322677e-079]
 [ 5.743292e-001  8.798981e-001  1.033078e-046]
 [ 7.310236e-001  7.329999e-001  7.710875e-016]
 [ 8.403534e-001  2.647316e-001  3.341771e-124]
 [ 6.501141e-001  6.815264e-001 -3.606063e-003]
 [ 4.104371e-001  1.475543e-001 -2.159249e-054]
 [ 3.126912e-001  7.872278e-002 -2.089093e-091]
 [ 6.834182e-001  8.610575e-001  2.535001e-040]
 [ 8.250725e-002  4.034875e-001  3.606771e-081]
 [ 8.838898e-001  5.822540e-001  6.229856e-048]

 [ 3.050000e-002  3.734800e-002  1.733985e-209]
 [ 2.924500e-002  7.675600e-002 -1.187622e-190]
 [ 4.310290e-001  8.143680e-001 -2.995340e-053]]


 F2

 [[ 0.665800  0.123969  0.538996]
 [ 0.877791  0.778628  0.420586]
 [ 0.142699  0.349005 -0.065624]
 [ 0.845275  0.711120  0.293993]
 [ 0.454647  0.290455  0.214965]
 [ 0.577713  0.771973  0.023106]
 [ 0.438166  0.685018  0.244619]
 [ 0.341750  0.028698  0.038749]
 [ 0.338648  0.213867 -0.013858]
 [ 0.702637  0.926564  0.611205]

 [ 0.350915  0.117067  0.048338]
 [ 0.778688  0.970764  0.093698]
 [ 0.750921  0.829565  0.259756]]



 F3

[[ 0.171525  0.343917  0.248737 -0.112122]
 [ 0.242114  0.644074  0.272433 -0.087963]
 [ 0.534906  0.398501  0.173389 -0.111415]
 [ 0.492581  0.611593  0.340176 -0.034835]
 [ 0.134622  0.219917  0.458206 -0.048008]
 [ 0.345523  0.941360  0.269363 -0.110621]
 [ 0.151837  0.439991  0.990882 -0.398926]
 [ 0.645503  0.397143  0.919771 -0.113869]
 [ 0.746912  0.284196  0.226300 -0.131461]
 [ 0.170477  0.697032  0.149169 -0.094190]
 [ 0.220549  0.297825  0.343555 -0.046947]
 [ 0.666014  0.671985  0.246295 -0.105965]
 [ 0.046809  0.231360  0.770618 -0.118048]
 [ 0.600097  0.725136  0.066089 -0.036378]
 [ 0.965995  0.861120  0.566829 -0.056758]

 [ 0.134015  0.028783  0.755137 -0.187030]
 [ 0.371452  0.413066  0.461483 -0.016667]
 [ 0.431029  0.814368  0.806413 -0.070739]]


 F4

 [[ 8.969811e-01  7.256280e-01  1.754043e-01  7.016944e-01 -2.210829e+01]
 [ 8.893564e-01  4.995879e-01  5.392689e-01  5.087834e-01 -1.460140e+01]
 [ 2.509462e-01  3.369313e-02  1.453800e-01  4.949324e-01 -1.169993e+01]
 [ 3.469621e-01  6.250400e-03  7.605636e-01  6.130236e-01 -1.605377e+01]
 [ 1.248712e-01  1.297702e-01  3.844005e-01  2.870761e-01 -1.006963e+01]
 [ 8.013027e-01  5.002311e-01  7.066446e-01  1.951028e-01 -1.548708e+01]
 [ 2.477083e-01  6.044543e-02  4.218635e-02  4.413243e-01 -1.268168e+01]
 [ 7.467022e-01  7.570915e-01  3.693531e-01  2.065663e-01 -1.602640e+01]
 [ 4.006650e-01  7.257425e-02  8.867683e-01  2.438423e-01 -1.704923e+01]
 [ 6.260706e-01  5.867513e-01  4.388058e-01  7.788577e-01 -1.274177e+01]
 [ 9.571353e-01  5.976444e-01  7.661139e-01  7.762099e-01 -2.731640e+01]
 [ 7.328124e-01  1.452500e-01  4.768127e-01  1.333657e-01 -1.352765e+01]
 [ 6.551155e-01  7.239183e-02  6.871517e-01  8.151656e-02 -1.667912e+01]
 [ 2.197344e-01  8.320313e-01  4.828642e-01  8.256923e-02 -1.650716e+01]
 [ 4.885942e-01  2.119651e-01  9.391779e-01  3.761917e-01 -1.781800e+01]
 [ 1.671305e-01  8.765546e-01  2.172395e-01  9.598010e-01 -2.656182e+01]
 [ 2.169112e-01  1.660858e-01  2.413723e-01  7.700625e-01 -1.275832e+01]
 [ 3.874878e-01  8.045323e-01  7.517955e-01  7.238274e-01 -1.944156e+01]
 [ 9.856219e-01  6.669327e-01  1.567833e-01  8.565348e-01 -2.890327e+01]
 [ 3.782483e-02  6.648533e-01  1.619822e-01  2.539238e-01 -1.370275e+01]
 [ 6.834864e-01  9.027701e-01  3.354198e-01  9.994826e-01 -2.942709e+01]
 [ 1.703473e-01  7.569591e-01  2.765205e-01  5.312315e-01 -1.156574e+01]
 [ 8.596569e-01  9.195923e-01  2.061387e-01  9.779683e-02 -2.685779e+01]
 [ 2.821384e-01  5.059869e-01  5.305308e-01  9.630162e-02 -7.966775e+00]
 [ 3.260758e-01  4.723669e-01  4.531920e-01  1.058873e-01 -6.702089e+00]
 [ 9.483894e-01  8.945130e-01  8.516378e-01  5.521963e-01 -3.262566e+01]
 [ 6.649554e-01  4.656628e-02  1.167775e-01  7.937178e-01 -1.998950e+01]
 [ 5.777656e-01  4.287717e-01  4.258259e-01  2.490074e-01 -4.025542e+00]
 [ 7.386130e-01  4.821026e-01  7.093664e-01  5.039700e-01 -1.312278e+01]
 [ 8.548108e-01  4.939646e-01  7.353100e-01  8.080920e-01 -2.313943e+01]

 [ 7.770490e-01  8.622030e-01  3.138750e-01  5.380230e-01 -1.858399e+01]
 [ 4.315800e-01  4.116090e-01  3.797880e-01  4.129810e-01  5.348195e-01]
 [ 6.332000e-03  1.463550e-01  9.958600e-01  9.348320e-01 -3.463184e+01]]


F5

[[1.914471e-01 3.819337e-02 6.074178e-01 4.145841e-01 6.444344e+01]
 [7.586529e-01 5.365177e-01 6.560004e-01 3.603416e-01 1.830138e+01]
 [4.383499e-01 8.043397e-01 2.102453e-01 1.512948e-01 1.129398e-01]
 [7.060508e-01 5.341920e-01 2.642433e-01 4.820875e-01 4.210898e+00]
 [8.364780e-01 1.936096e-01 6.638927e-01 7.856489e-01 2.583705e+02]
 [6.834322e-01 1.186626e-01 8.290459e-01 5.675766e-01 7.843439e+01]
 [5.536215e-01 6.673500e-01 3.238058e-01 8.148698e-01 5.757154e+01]
 [3.523563e-01 3.222415e-01 1.169794e-01 4.731125e-01 1.095719e+02]
 [1.537857e-01 7.293817e-01 4.225984e-01 4.430742e-01 8.847992e+00]
 [4.634423e-01 6.300245e-01 1.079065e-01 9.576439e-01 2.332236e+02]
 [6.774911e-01 3.585095e-01 4.795922e-01 7.288048e-02 2.442309e+01]
 [5.839734e-01 1.472426e-01 3.480975e-01 4.286147e-01 6.442015e+01]
 [3.068887e-01 3.168781e-01 6.226345e-01 9.539906e-02 6.347672e+01]
 [5.111418e-01 8.179570e-01 7.287104e-01 1.123536e-01 7.972913e+01]
 [4.389334e-01 7.740918e-01 3.781671e-01 9.336962e-01 3.558068e+02]
 [2.241890e-01 8.464805e-01 8.794842e-01 8.785157e-01 1.088860e+03]
 [7.252617e-01 4.798705e-01 8.894684e-02 7.597602e-01 2.886675e+01]
 [3.554816e-01 6.396194e-01 4.176177e-01 1.226038e-01 4.518157e+01]
 [1.198792e-01 8.625403e-01 6.433313e-01 8.498038e-01 4.316128e+02]
 [1.268847e-01 1.534296e-01 7.701622e-01 1.905181e-01 9.972332e+00]

 [9.249010e-01 5.017400e-01 2.203750e-01 3.912650e-01 8.694294e+01]
 [2.983980e-01 8.408080e-01 9.794320e-01 9.188810e-01 1.959096e+03]
 [3.251100e-01 8.389740e-01 1.000000e+00 9.341090e-01 2.263948e+03]]


F6

[[ 0.728186  0.154693  0.732552  0.693997  0.056401 -0.714265]
 [ 0.242384  0.844100  0.577809  0.679021  0.501953 -1.209955]
 [ 0.729523  0.748106  0.679775  0.356552  0.671054 -1.672200]
 [ 0.770620  0.114404  0.046780  0.648324  0.273549 -1.536058]
 [ 0.618812  0.331802  0.187288  0.756238  0.328835 -0.829237]
 [ 0.784958  0.910682  0.708120  0.959225  0.004911 -1.247049]
 [ 0.145111  0.896685  0.896322  0.726272  0.236272 -1.233786]
 [ 0.945069  0.288459  0.978806  0.961656  0.598016 -1.694343]
 [ 0.125720  0.862725  0.028544  0.246605  0.751206 -2.571170]
 [ 0.757594  0.355831  0.016523  0.434207  0.112433 -1.309116]
 [ 0.536797  0.308781  0.411879  0.388225  0.522528 -1.144785]
 [ 0.957740  0.235669  0.099146  0.156806  0.071317 -1.912677]
 [ 0.629308  0.803484  0.811408  0.045613  0.110624 -1.622839]
 [ 0.021735  0.428084  0.835939  0.489489  0.511082 -1.356682]
 [ 0.439344  0.698924  0.426820  0.109476  0.877888 -2.018425]
 [ 0.258906  0.793678  0.642114  0.196673  0.593103 -1.702558]
 [ 0.432166  0.715618  0.341819  0.705000  0.614962 -1.294247]
 [ 0.782880  0.536336  0.443284  0.859700  0.010326 -0.935757]
 [ 0.921776  0.931871  0.414876  0.595057  0.735626 -2.155768]
 [ 0.126679  0.291470  0.064528  0.680515  0.892819 -1.746882]

 [ 0.585939  0.538496  0.989507  0.863517  0.003667 -0.897936]
 [ 0.400740  0.365117  0.465329  0.765461  0.143118 -0.277658]
 [ 0.021081  0.076503  0.031369  0.042143  0.045773 -1.990901]]

 F7

[[2.726238e-01 3.244954e-01 8.971088e-01 8.329512e-01 1.540627e-01  7.958636e-01 6.044327e-01]
 [5.430026e-01 9.246939e-01 3.415675e-01 6.464858e-01 7.184403e-01  3.431327e-01 5.627531e-01]
 [9.083225e-02 6.615294e-01 6.593091e-02 2.585770e-01 9.634529e-01  6.402654e-01 7.503237e-03]
 [1.188670e-01 6.150549e-01 9.058164e-01 8.553003e-01 4.136314e-01  5.852356e-01 6.142430e-02]
 [6.302176e-01 8.380969e-01 6.800131e-01 7.318951e-01 5.267367e-01  3.484292e-01 2.730468e-01]
 [7.649192e-01 2.558829e-01 6.090842e-01 2.180790e-01 3.229428e-01  9.579366e-02 8.374657e-02]
 [5.789554e-02 4.916722e-01 2.474222e-01 2.181184e-01 4.204283e-01  7.309698e-01 1.364968e+00]
 [1.952519e-01 7.922665e-02 5.545805e-01 1.705668e-01 1.494418e-02  1.070317e-01 9.264495e-02]
 [6.423030e-01 8.368745e-01 2.179269e-02 1.014880e-01 6.830708e-01  6.924164e-01 1.786960e-02]
 [7.899426e-01 1.955450e-01 5.756233e-01 7.365919e-02 2.590492e-01  5.109986e-02 3.356494e-02]
 [5.284973e-01 4.574244e-01 3.600957e-01 3.620455e-01 8.168910e-01  6.374764e-01 7.351630e-02]
 [7.226152e-01 1.181284e-02 6.364591e-02 1.651731e-01 7.924415e-02  3.599517e-01 2.063097e-01]
 [7.566492e-02 3.345021e-01 1.327327e-01 6.083124e-01 9.183859e-01  8.223308e-01 8.825634e-03]
 [9.424508e-01 3.774396e-01 4.861223e-01 2.287911e-01 8.263175e-02  7.119576e-01 2.684003e-01]
 [1.486470e-01 3.394336e-02 7.288056e-01 3.160665e-01 2.176938e-02  5.169178e-01 6.115255e-01]
 [8.171124e-01 5.481682e-01 1.033476e-01 1.243695e-01 7.282348e-01  4.496736e-01 1.479818e-02]
 [4.176263e-01 6.409998e-02 2.456688e-01 5.590408e-01 1.915314e-01  2.546409e-01 2.748925e-01]
 [7.262857e-01 4.648958e-01 9.245705e-01 8.072454e-01 6.354384e-01  1.434179e-01 6.676325e-02]
 [3.198104e-01 5.200976e-01 2.906778e-01 8.767067e-01 4.950347e-01  6.190825e-01 4.211835e-02]
 [8.798713e-01 3.979620e-01 3.634565e-03 9.569906e-01 2.645137e-01  1.148692e-01 2.701465e-03]
 [5.412408e-01 6.314031e-01 3.190205e-02 4.499816e-01 7.986528e-01  6.337043e-01 1.820907e-02]
 [2.263479e-01 1.150258e-01 8.247497e-01 9.453837e-01 9.053115e-01  9.510139e-01 7.016028e-03]
 [6.868526e-01 4.101721e-02 7.573011e-03 2.850090e-01 6.915685e-01  6.555429e-01 1.005066e-01]
 [1.759775e-01 6.244165e-01 2.955420e-01 4.695528e-01 9.776977e-02  7.281411e-01 4.753955e-01]
 [8.816467e-01 2.044502e-01 4.144744e-01 4.203847e-01 2.649150e-01  7.306602e-01 6.751416e-01]
 [6.661051e-02 5.280451e-01 8.160952e-01 9.610171e-01 8.650933e-02  7.777882e-01 5.164572e-01]
 [9.324664e-01 4.888119e-01 2.586077e-01 9.562434e-01 1.904278e-01  5.198518e-01 3.777480e-03]
 [8.468670e-01 1.424292e-01 6.066859e-02 7.562921e-01 5.523983e-01  8.130609e-02 3.134333e-03]
 [8.062821e-01 3.241224e-01 7.260760e-01 1.487121e-01 7.193764e-01  3.628840e-01 2.134252e-02]
 [4.768231e-01 3.409420e-01 1.433523e-02 8.801396e-01 9.986547e-01  7.966402e-02 9.541116e-02]
 [1.168400e-02 7.618000e-01 5.529460e-01 5.401020e-01 9.129140e-01  7.790580e-01 8.529739e-02]
 [3.161700e-02 4.443610e-01 2.799560e-01 1.730890e-01 3.666070e-01  7.319880e-01 1.627093e+00]
 [4.745700e-02 6.918100e-02 1.968560e-01 1.006000e-03 3.574700e-02  9.508220e-01 1.816016e-01]]

 F8
 [[6.049945e-01 2.922150e-01 9.084527e-01 3.555062e-01 2.016687e-01  5.753380e-01 3.103110e-01 7.342814e-01 7.398721e+00]
 [1.780070e-01 5.662227e-01 9.948618e-01 2.103250e-01 3.201527e-01  7.079088e-01 6.353845e-01 1.071316e-01 7.005227e+00]
 [9.076977e-03 8.116262e-01 5.205204e-01 7.568668e-02 2.651118e-01  9.165169e-02 5.924151e-01 3.673203e-01 8.459482e+00]
 [5.060282e-01 6.537301e-01 3.634108e-01 1.779810e-01 9.372830e-02  1.974253e-01 7.558269e-01 2.924723e-01 8.284008e+00]
 [3.599093e-01 2.490757e-01 4.959972e-01 7.092150e-01 1.149872e-01  2.892069e-01 5.572952e-01 5.938817e-01 8.606117e+00]
 [7.788183e-01 3.419499e-03 3.379831e-01 5.195278e-01 8.209070e-01  5.372467e-01 5.513471e-01 6.600321e-01 8.541748e+00]
 [9.086493e-01 6.224970e-02 2.382595e-01 7.666035e-01 1.323360e-01  9.902438e-01 6.880678e-01 7.424959e-01 7.327435e+00]
 [5.863714e-01 8.807357e-01 7.450208e-01 5.460348e-01 9.648878e-03  7.489918e-01 2.309071e-01 9.791562e-02 7.299872e+00]
 [7.611373e-01 8.546724e-01 3.821243e-01 3.373520e-01 6.897083e-01  3.098531e-01 6.313797e-01 4.195607e-02 7.957875e+00]
 [9.849332e-01 6.995063e-01 9.988855e-01 1.801485e-01 5.801431e-01  2.310872e-01 4.908269e-01 3.136827e-01 5.592193e+00]
 [1.120713e-01 4.377357e-01 5.965988e-01 5.927756e-01 2.269818e-01  4.101045e-01 9.212376e-01 6.747528e-01 7.854541e+00]
 [7.918875e-01 5.761913e-01 6.945284e-01 2.834238e-01 1.367555e-01  2.791619e-01 8.427673e-01 6.253279e-01 6.791986e+00]
 [1.435503e-01 9.374145e-01 2.323248e-01 9.043485e-03 4.145789e-01  4.093252e-01 5.537785e-01 2.058408e-01 8.976554e+00]
 [7.699165e-01 4.587591e-01 5.590004e-01 6.946044e-01 5.031990e-01  7.283464e-01 7.842535e-01 6.631311e-01 7.379083e+00]
 [5.644741e-02 6.595555e-02 2.292868e-02 3.878647e-02 4.039354e-01  8.010553e-01 4.883070e-01 8.930850e-01 9.598482e+00]
 [8.624374e-01 4.827338e-01 2.818694e-01 5.441022e-01 8.874903e-01  3.826547e-01 6.019020e-01 4.764617e-01 8.159983e+00]
 [3.515119e-01 5.900649e-01 9.094363e-01 6.784084e-01 2.128257e-01  8.846038e-02 4.101530e-01 1.957243e-01 7.131624e+00]
 [7.359036e-01 3.461189e-02 7.280303e-01 1.474265e-01 2.957431e-01  4.451173e-01 9.751797e-01 3.743398e-01 6.767963e+00]
 [6.802940e-01 2.551046e-01 8.621880e-01 1.343958e-01 3.263292e-01  2.879069e-01 4.350105e-01 3.642001e-01 7.433744e+00]
 [4.432925e-02 1.358149e-02 2.581982e-01 5.776442e-01 5.127992e-02  1.585631e-01 5.910301e-01 7.795293e-02 9.013075e+00]
 [7.783455e-01 7.511457e-01 3.141422e-01 9.029858e-01 3.353817e-01  3.863227e-01 7.489725e-01 9.887551e-01 7.310894e+00]
 [8.988871e-01 5.236417e-01 8.767833e-01 2.186964e-01 9.002609e-01  2.827662e-01 9.110779e-01 4.723982e-01 5.841067e+00]
 [1.451203e-01 1.193275e-01 4.208882e-01 3.876086e-01 1.554228e-01  8.751716e-01 5.105597e-01 7.286106e-01 9.141639e+00]
 [3.389544e-01 5.669320e-01 3.767511e-01 9.891573e-02 6.594517e-01  2.455481e-01 7.624828e-01 7.321535e-01 8.817558e+00]
 [1.761500e-01 2.939614e-01 9.756800e-01 7.939363e-01 9.234008e-01  3.084229e-02 8.032545e-01 5.958976e-01 6.451943e+00]
 [2.894663e-02 2.827906e-02 4.813716e-01 6.131746e-01 6.726604e-01  2.211341e-02 6.014833e-01 5.248851e-01 8.830745e+00]
 [1.926399e-01 6.306773e-01 4.167958e-01 4.905293e-01 7.960860e-01  6.545671e-01 2.762412e-01 2.955176e-01 9.344274e+00]
 [9.431850e-01 2.188506e-01 7.211841e-01 4.245971e-01 9.869020e-01  5.351830e-01 7.147432e-01 9.600937e-01 6.887846e+00]
 [5.327214e-01 8.336926e-01 7.139900e-02 1.168115e-01 7.306931e-01  9.373756e-01 8.665080e-01 1.279020e-01 8.042213e+00]
 [4.470958e-01 8.439525e-01 7.295461e-01 6.391514e-01 4.092871e-01  1.326457e-01 3.590888e-02 4.468385e-01 7.692368e+00]
 [3.822250e-01 5.571358e-01 8.531016e-01 3.337957e-01 2.657213e-01  4.808729e-01 2.376471e-01 7.686320e-01 7.923759e+00]
 [5.328195e-01 8.623085e-01 5.382671e-01 4.944293e-02 7.197012e-01  9.067059e-01 1.082309e-01 5.253479e-01 8.421759e+00]
 [3.948652e-01 3.318017e-01 7.407543e-01 6.978617e-01 7.374044e-01  7.837768e-01 2.544955e-01 8.711455e-01 8.278062e+00]
 [9.859454e-01 8.730536e-01 7.039262e-02 5.358729e-02 7.341530e-01  5.202585e-01 8.110400e-01 1.033604e-01 7.113457e+00]
 [9.645734e-01 9.739798e-01 6.637534e-01 6.622160e-01 6.731217e-01  9.052376e-01 4.588746e-01 5.609175e-01 6.402588e+00]
 [4.720707e-01 1.682026e-01 8.642757e-02 4.526555e-01 4.806192e-01  6.224395e-01 9.289745e-01 1.125363e-01 8.472936e+00]
 [8.560070e-01 6.388937e-01 3.261920e-01 6.685031e-01 2.402984e-01  2.102989e-01 1.675464e-01 9.635899e-01 7.977685e+00]
 [8.100317e-01 6.350460e-01 2.695476e-01 8.696053e-01 6.619216e-01  2.522587e-01 7.656700e-01 8.905487e-01 7.460872e+00]
 [7.962525e-01 7.036533e-03 3.556974e-01 4.875661e-01 7.405196e-01  7.066501e-01 9.929145e-01 3.817344e-01 7.436594e+00]
 [4.812453e-01 1.024607e-01 2.194859e-01 6.773224e-01 2.475092e-01  2.443409e-01 1.638245e-01 7.159616e-01 9.183005e+00]

 [4.319450e-01 2.912290e-01 6.118530e-01 1.394940e-01 2.921450e-01  3.663620e-01 4.560700e-01 7.851760e-01 8.781632e+00]
 [1.199190e-01 1.575910e-01 7.379700e-02 0.000000e+00 9.460320e-01  2.338210e-01 4.595400e-02 5.690100e-01 9.838102e+00]
 [1.994980e-01 2.882000e-03 2.253190e-01 9.583650e-01 9.891360e-01  9.934780e-01 1.413780e-01 2.729000e-02 8.976766e+00]]